00	-44.743400	-44.743400	-11.632500	-11.632500	-11.510300	-11.510300	-10.776100	-10.776100	7.676700	7.676700	11.422000	11.422000	19.851100	19.851100	20.577900	20.577900	23.063000	23.063000	30.746800	30.746800	0.000000	0.000000	-44.804100	-44.804100	
01	-11.278700	-11.278700	-10.940100	-10.940100	6.853500	6.853500	11.810300	11.810300	19.615200	19.615200	20.118500	20.118500	27.151300	27.151300	29.562100	29.562100	0.000000	0.000000	-44.605500	-44.605500	-10.823800	-10.823800	-10.477700	-10.477700	
02	5.689200	5.689200	12.362200	12.362200	19.596400	19.596400	20.712200	20.712200	21.891300	21.891300	27.558400	27.558400	0.000000	0.000000	-44.638100	-44.638100	-10.760200	-10.760200	-10.108800	-10.108800	-8.876900	-8.876900	4.782400	4.782400	
03	19.796600	19.796600	20.325700	20.325700	22.477300	22.477300	26.881600	26.881600	0.000000	0.000000	-44.818900	-44.818900	-11.970200	-11.970200	-10.901700	-10.901700	-10.339900	-10.339900	3.396600	3.396600	14.538400	14.538400	20.258500	20.258500	
04	23.972000	23.972000	26.431800	26.431800	0.000000	0.000000	-44.958900	-44.958900	-12.960900	-12.960900	-11.219100	-11.219100	-11.129100	-11.129100	2.186600	2.186600	15.039300	15.039300	20.448500	20.448500	20.516300	20.516300	22.777500	22.777500	
05	0.000000	0.000000	-44.840800	-44.840800	-11.818900	-11.818900	-11.156000	-11.156000	-10.004700	-10.004700	1.747900	1.747900	17.643700	17.643800	20.702300	20.702300	20.784000	20.784000	23.579500	23.579500	27.276000	27.276000	0.000000	0.000000	
06	-11.543400	-11.543400	-11.042000	-11.042000	-10.329000	-10.329000	1.020300	1.020300	18.569000	18.569000	20.886000	20.886000	21.237200	21.237300	24.445200	24.445200	26.853600	26.853600	0.000000	0.000000	-44.597300	-44.597300	-10.995200	-10.995200	
07	-9.147800	-9.147800	0.673800	0.673800	19.880600	19.880600	20.838400	20.838400	20.977800	20.977800	25.770800	25.770800	28.074000	28.074000	0.000000	0.000000	-44.514500	-44.514500	-9.539600	-9.539600	-9.434400	-9.434400	-8.560900	-8.560900	
08	20.840600	20.840600	20.847700	20.847700	21.333300	21.333300	25.824200	25.824200	27.481800	27.481800	0.000000	0.000000	-44.349600	-44.349600	-9.476800	-9.476800	-9.465900	-9.465900	-8.545700	-8.545700	1.323100	1.323100	20.656500	20.656500	
09	22.043100	22.043100	23.012400	23.012400	28.153300	28.153300	0.000000	0.000000	-44.466300	-44.466300	-10.545600	-10.545600	-9.283700	-9.283700	-7.727000	-7.727000	2.610900	2.610900	20.649500	20.649500	21.184300	21.184300	24.389800	24.389800	
10	28.049500	28.049500	0.000000	0.000000	-45.027800	-45.027800	-12.043500	-12.043500	-11.887000	-11.887000	-11.588700	-11.588700	1.174800	1.174800	18.450200	18.450200	20.324700	20.324700	20.586500	20.586500	26.850500	26.850500	28.765700	28.765700	
11	-44.918300	-44.918300	-11.846200	-11.846200	-9.861100	-9.861100	-9.739300	-9.739300	2.056200	2.056200	17.243200	17.243200	20.080400	20.080400	22.096600	22.096600	24.719500	24.719600	29.061900	29.061900	0.000000	0.000000	-44.122100	-44.122100	
12	-9.216400	-9.216400	-6.547900	-6.547900	4.832000	4.832000	16.599000	16.599000	19.325600	19.325600	20.774100	20.774100	22.308900	22.308900	34.141400	34.141400	0.000000	0.000000	-44.974500	-44.974500	-12.313900	-12.313900	-11.492300	-11.492300	
13	4.128600	4.128600	15.198600	15.198600	16.448100	16.448100	19.503800	19.503800	19.751800	19.751800	30.407200	30.407200	0.000000	0.000000	-45.138200	-45.138200	-13.216000	-13.216000	-13.019000	-13.019000	-12.714600	-12.714600	5.229800	5.229800	
14	14.771700	14.771700	19.205000	19.205000	19.727500	19.727500	25.942000	25.942000	0.000000	0.000000	-44.653300	-44.653300	-10.856800	-10.856800	-9.818700	-9.818700	-9.240200	-9.240200	7.268000	7.268000	13.649600	13.649600	14.698200	14.698200	
15	20.471400	20.471400	30.944400	30.944400	0.000000	0.000000	-44.132000	-44.132000	-10.871000	-10.871000	-9.414300	-9.414300	-7.281200	-7.281200	8.459400	8.459400	13.583900	13.583900	14.062000	14.062000	20.171100	20.171100	20.713200	20.713200	
16	0.000000	0.000000	-44.740100	-44.740100	-11.109800	-11.109800	-10.927600	-10.927600	-10.071900	-10.071900	8.967000	8.967000	12.810400	12.810400	13.579900	13.579900	19.690400	19.690400	20.283600	20.283600	23.038000	23.038000	0.000000	0.000000	
17	-11.705400	-11.705400	-11.672900	-11.672900	-10.137900	-10.137900	8.246700	8.246800	12.729200	12.729200	13.269400	13.269400	19.661000	19.661000	19.667200	19.667200	22.730900	22.730900	0.000000	0.000000	-44.642200	-44.642200	-11.400600	-11.400600	
18	-9.452800	-9.452800	8.821800	8.821800	13.401900	13.401900	13.675900	13.675900	19.677500	19.677500	20.101700	20.101700	24.691100	24.691100	0.000000	0.000000	-44.160500	-44.160500	-11.235900	-11.235900	-10.469100	-10.469100	-8.079300	-8.079300	
19	13.444800	13.444800	15.206800	15.206800	19.734900	19.734900	20.000200	20.000200	24.628600	24.628600	0.000000	0.000000	-44.778400	-44.778400	-11.684600	-11.684600	-11.644700	-11.644700	-10.139700	-10.139700	8.414700	8.414700	12.756400	12.756400	
20	19.093400	19.093400	19.662100	19.662100	23.864200	23.864200	0.000000	0.000000	-44.774100	-44.774100	-11.771400	-11.771400	-11.602500	-11.602500	-10.109800	-10.109800	8.523200	8.523300	12.779900	12.779900	12.953800	12.953800	18.835600	18.835600	
21	24.530000	24.530000	0.000000	0.000000	-44.667900	-44.667900	-11.119500	-11.119500	-10.447500	-10.447500	-9.823900	-9.823900	9.108000	9.108000	12.955500	12.955500	13.226200	13.226200	18.821400	18.821400	19.701700	19.701700	27.110400	27.110400	
22	-44.579200	-44.579200	-10.749000	-10.749000	-9.544800	-9.544800	-7.997600	-7.997600	9.553800	9.553800	13.329200	13.329200	14.362600	14.362600	19.242900	19.242900	19.910400	19.910400	32.179300	32.179300	0.000000	0.000000	-44.789200	-44.789200	
23	-11.483000	-11.483000	-9.939100	-9.939100	9.085500	9.085500	12.142600	12.142600	14.629300	14.629300	18.501300	18.501300	19.446800	19.446800	27.383300	27.383300	0.000000	0.000000	-44.131500	-44.131500	-11.716900	-11.716900	-9.754100	-9.754100	
24	9.983100	9.983100	13.081600	13.081600	13.550600	13.550600	19.766500	19.766500	20.364500	20.364500	32.447900	32.447900	0.000000	0.000000	-44.035400	-44.035400	-11.224800	-11.224800	-9.990900	-9.990900	-9.210800	-9.210800	10.028000	10.028000	
25	13.327400	13.327400	19.127800	19.127800	20.317500	20.317500	33.731300	33.731300	0.000000	0.000000	-42.703900	-42.703900	-10.252300	-10.252300	-7.105700	-7.105700	-5.376200	-5.376200	10.681100	10.681100	12.380800	12.380800	15.400100	15.400100	
26	21.074800	21.074800	35.052800	35.052800	0.000000	0.000000	-43.731200	-43.731200	-9.274000	-9.274000	-8.923700	-8.923700	-6.684500	-6.684500	11.087000	11.087000	11.651300	11.651300	13.589200	13.589200	21.058800	21.058800	29.393300	29.393300	
27	0.000000	0.000000	-44.582500	-44.582500	-11.728200	-11.728200	-10.617800	-10.617800	-9.329800	-9.329800	8.212200	8.212200	12.272500	12.272500	13.166000	13.166000	19.892400	19.892400	21.944600	21.944600	29.896900	29.896900	0.000000	0.000000	
28	-11.574900	-11.574900	-10.493800	-10.493800	-9.502600	-9.502600	6.453800	6.453800	13.198300	13.198300	14.340900	14.340900	20.363900	20.363900	26.537100	26.537100	37.210100	37.210100	0.000000	0.000000	-44.524100	-44.524100	-11.274500	-11.274500	
29	-9.456100	-9.456100	5.904200	5.904200	14.088000	14.088000	15.190500	15.190500	22.721400	22.721400	25.994000	25.994000	28.765400	28.765400	0.000000	0.000000	-44.688700	-44.688700	-12.494800	-12.494800	-11.367400	-11.367400	-8.701600	-8.701600	
30	15.786200	15.786200	17.309900	17.309900	21.636900	21.636900	24.557100	24.557100	30.788000	30.788000	0.000000	0.000000	-44.873800	-44.873800	-12.272700	-12.272700	-11.460600	-11.460600	-10.594700	-10.594700	2.126400	2.126400	16.541600	16.541600	
31	21.981800	21.981800	22.691200	22.691200	27.746400	27.746400	0.000000	0.000000	-44.962600	-44.962600	-12.077500	-12.077500	-11.405800	-11.405800	-10.738000	-10.738000	1.186400	1.186400	18.198800	18.198800	19.796100	19.796100	21.349700	21.349700	
32	25.691400	25.691400	0.000000	0.000000	-44.751200	-44.751200	-10.963700	-10.963700	-10.290200	-10.290200	-9.710700	-9.710700	1.168100	1.168100	19.665300	19.665300	20.716700	20.716700	20.829000	20.829000	24.881500	24.881500	28.031000	28.031000	
33	-44.262200	-44.262200	-9.382400	-9.382400	-9.138100	-9.138100	-7.843000	-7.843000	0.676500	0.676500	21.565100	21.565100	21.675200	21.675200	22.022000	22.022000	27.790500	27.790500	29.388700	29.388700	
