Automatically generated mesh
     343
Reciprocal lattice
    0.00000000000000    0.00000000000000    0.00000000000000             1
    0.14285714285714   -0.00000000000000   -0.00000000000000             1
    0.28571428571429    0.00000000000000   -0.00000000000000             1
    0.42857142857143    0.00000000000000    0.00000000000000             1
   -0.42857142857143   -0.00000000000000   -0.00000000000000             1
   -0.28571428571429   -0.00000000000000    0.00000000000000             1
   -0.14285714285714    0.00000000000000    0.00000000000000             1
    0.00000000000000    0.14285714285714    0.00000000000000             1
    0.14285714285714    0.14285714285714   -0.00000000000000             1
    0.28571428571429    0.14285714285714   -0.00000000000000             1
    0.42857142857143    0.14285714285714    0.00000000000000             1
   -0.42857142857143    0.14285714285714   -0.00000000000000             1
   -0.28571428571429    0.14285714285714    0.00000000000000             1
   -0.14285714285714    0.14285714285714   -0.00000000000000             1
    0.00000000000000    0.28571428571429    0.00000000000000             1
    0.14285714285714    0.28571428571429   -0.00000000000000             1
    0.28571428571429    0.28571428571429   -0.00000000000000             1
    0.42857142857143    0.28571428571429    0.00000000000000             1
   -0.42857142857143    0.28571428571429    0.00000000000000             1
   -0.28571428571429    0.28571428571429    0.00000000000000             1
   -0.14285714285714    0.28571428571429   -0.00000000000000             1
    0.00000000000000    0.42857142857143    0.00000000000000             1
    0.14285714285714    0.42857142857143    0.00000000000000             1
    0.28571428571429    0.42857142857143    0.00000000000000             1
    0.42857142857143    0.42857142857143    0.00000000000000             1
   -0.42857142857143    0.42857142857143   -0.00000000000000             1
   -0.28571428571429    0.42857142857143   -0.00000000000000             1
   -0.14285714285714    0.42857142857143    0.00000000000000             1
    0.00000000000000   -0.42857142857143    0.00000000000000             1
    0.14285714285714   -0.42857142857143   -0.00000000000000             1
    0.28571428571429   -0.42857142857143    0.00000000000000             1
    0.42857142857143   -0.42857142857143    0.00000000000000             1
   -0.42857142857143   -0.42857142857143    0.00000000000000             1
   -0.28571428571429   -0.42857142857143    0.00000000000000             1
   -0.14285714285714   -0.42857142857143    0.00000000000000             1
    0.00000000000000   -0.28571428571429   -0.00000000000000             1
    0.14285714285714   -0.28571428571429    0.00000000000000             1
    0.28571428571429   -0.28571428571429   -0.00000000000000             1
    0.42857142857143   -0.28571428571429    0.00000000000000             1
   -0.42857142857143   -0.28571428571429    0.00000000000000             1
   -0.28571428571429   -0.28571428571429    0.00000000000000             1
   -0.14285714285714   -0.28571428571429    0.00000000000000             1
    0.00000000000000   -0.14285714285714   -0.00000000000000             1
    0.14285714285714   -0.14285714285714    0.00000000000000             1
    0.28571428571429   -0.14285714285714   -0.00000000000000             1
    0.42857142857143   -0.14285714285714    0.00000000000000             1
   -0.42857142857143   -0.14285714285714    0.00000000000000             1
   -0.28571428571429   -0.14285714285714    0.00000000000000             1
   -0.14285714285714   -0.14285714285714    0.00000000000000             1
    0.00000000000000    0.00000000000000    0.14285714285714             1
    0.14285714285714   -0.00000000000000    0.14285714285714             1
    0.28571428571429   -0.00000000000000    0.14285714285714             1
    0.42857142857143    0.00000000000000    0.14285714285714             1
   -0.42857142857143   -0.00000000000000    0.14285714285714             1
   -0.28571428571429   -0.00000000000000    0.14285714285714             1
   -0.14285714285714    0.00000000000000    0.14285714285714             1
   -0.00000000000000    0.14285714285714    0.14285714285714             1
    0.14285714285714    0.14285714285714    0.14285714285714             1
    0.28571428571429    0.14285714285714    0.14285714285714             1
    0.42857142857143    0.14285714285714    0.14285714285714             1
   -0.42857142857143    0.14285714285714    0.14285714285714             1
   -0.28571428571429    0.14285714285714    0.14285714285714             1
   -0.14285714285714    0.14285714285714    0.14285714285714             1
   -0.00000000000000    0.28571428571429    0.14285714285714             1
    0.14285714285714    0.28571428571429    0.14285714285714             1
    0.28571428571429    0.28571428571429    0.14285714285714             1
    0.42857142857143    0.28571428571429    0.14285714285714             1
   -0.42857142857143    0.28571428571429    0.14285714285714             1
   -0.28571428571429    0.28571428571429    0.14285714285714             1
   -0.14285714285714    0.28571428571429    0.14285714285714             1
   -0.00000000000000    0.42857142857143    0.14285714285714             1
    0.14285714285714    0.42857142857143    0.14285714285714             1
    0.28571428571429    0.42857142857143    0.14285714285714             1
    0.42857142857143    0.42857142857143    0.14285714285714             1
   -0.42857142857143    0.42857142857143    0.14285714285714             1
   -0.28571428571429    0.42857142857143    0.14285714285714             1
   -0.14285714285714    0.42857142857143    0.14285714285714             1
    0.00000000000000   -0.42857142857143    0.14285714285714             1
    0.14285714285714   -0.42857142857143    0.14285714285714             1
    0.28571428571429   -0.42857142857143    0.14285714285714             1
    0.42857142857143   -0.42857142857143    0.14285714285714             1
   -0.42857142857143   -0.42857142857143    0.14285714285714             1
   -0.28571428571429   -0.42857142857143    0.14285714285714             1
   -0.14285714285714   -0.42857142857143    0.14285714285714             1
    0.00000000000000   -0.28571428571429    0.14285714285714             1
    0.14285714285714   -0.28571428571429    0.14285714285714             1
    0.28571428571429   -0.28571428571429    0.14285714285714             1
    0.42857142857143   -0.28571428571429    0.14285714285714             1
   -0.42857142857143   -0.28571428571429    0.14285714285714             1
   -0.28571428571429   -0.28571428571429    0.14285714285714             1
   -0.14285714285714   -0.28571428571429    0.14285714285714             1
   -0.00000000000000   -0.14285714285714    0.14285714285714             1
    0.14285714285714   -0.14285714285714    0.14285714285714             1
    0.28571428571429   -0.14285714285714    0.14285714285714             1
    0.42857142857143   -0.14285714285714    0.14285714285714             1
   -0.42857142857143   -0.14285714285714    0.14285714285714             1
   -0.28571428571429   -0.14285714285714    0.14285714285714             1
   -0.14285714285714   -0.14285714285714    0.14285714285714             1
    0.00000000000000    0.00000000000000    0.28571428571429             1
    0.14285714285714    0.00000000000000    0.28571428571429             1
    0.28571428571429   -0.00000000000000    0.28571428571429             1
    0.42857142857143   -0.00000000000000    0.28571428571429             1
   -0.42857142857143   -0.00000000000000    0.28571428571429             1
   -0.28571428571429   -0.00000000000000    0.28571428571429             1
   -0.14285714285714    0.00000000000000    0.28571428571429             1
   -0.00000000000000    0.14285714285714    0.28571428571429             1
    0.14285714285714    0.14285714285714    0.28571428571429             1
    0.28571428571429    0.14285714285714    0.28571428571429             1
    0.42857142857143    0.14285714285714    0.28571428571429             1
   -0.42857142857143    0.14285714285714    0.28571428571429             1
   -0.28571428571429    0.14285714285714    0.28571428571429             1
   -0.14285714285714    0.14285714285714    0.28571428571429             1
   -0.00000000000000    0.28571428571429    0.28571428571429             1
    0.14285714285714    0.28571428571429    0.28571428571429             1
    0.28571428571429    0.28571428571429    0.28571428571429             1
    0.42857142857143    0.28571428571429    0.28571428571429             1
   -0.42857142857143    0.28571428571429    0.28571428571429             1
   -0.28571428571429    0.28571428571429    0.28571428571429             1
   -0.14285714285714    0.28571428571429    0.28571428571429             1
   -0.00000000000000    0.42857142857143    0.28571428571429             1
    0.14285714285714    0.42857142857143    0.28571428571429             1
    0.28571428571429    0.42857142857143    0.28571428571429             1
    0.42857142857143    0.42857142857143    0.28571428571429             1
   -0.42857142857143    0.42857142857143    0.28571428571429             1
   -0.28571428571429    0.42857142857143    0.28571428571429             1
   -0.14285714285714    0.42857142857143    0.28571428571429             1
    0.00000000000000   -0.42857142857143    0.28571428571429             1
    0.14285714285714   -0.42857142857143    0.28571428571429             1
    0.28571428571429   -0.42857142857143    0.28571428571429             1
    0.42857142857143   -0.42857142857143    0.28571428571429             1
   -0.42857142857143   -0.42857142857143    0.28571428571429             1
   -0.28571428571429   -0.42857142857143    0.28571428571429             1
   -0.14285714285714   -0.42857142857143    0.28571428571429             1
   -0.00000000000000   -0.28571428571429    0.28571428571429             1
    0.14285714285714   -0.28571428571429    0.28571428571429             1
    0.28571428571429   -0.28571428571429    0.28571428571429             1
    0.42857142857143   -0.28571428571429    0.28571428571429             1
   -0.42857142857143   -0.28571428571429    0.28571428571429             1
   -0.28571428571429   -0.28571428571429    0.28571428571429             1
   -0.14285714285714   -0.28571428571429    0.28571428571429             1
    0.00000000000000   -0.14285714285714    0.28571428571429             1
    0.14285714285714   -0.14285714285714    0.28571428571429             1
    0.28571428571429   -0.14285714285714    0.28571428571429             1
    0.42857142857143   -0.14285714285714    0.28571428571429             1
   -0.42857142857143   -0.14285714285714    0.28571428571429             1
   -0.28571428571429   -0.14285714285714    0.28571428571429             1
   -0.14285714285714   -0.14285714285714    0.28571428571429             1
   -0.00000000000000    0.00000000000000    0.42857142857143             1
    0.14285714285714   -0.00000000000000    0.42857142857143             1
    0.28571428571429    0.00000000000000    0.42857142857143             1
    0.42857142857143    0.00000000000000    0.42857142857143             1
   -0.42857142857143    0.00000000000000    0.42857142857143             1
   -0.28571428571429    0.00000000000000    0.42857142857143             1
   -0.14285714285714    0.00000000000000    0.42857142857143             1
   -0.00000000000000    0.14285714285714    0.42857142857143             1
    0.14285714285714    0.14285714285714    0.42857142857143             1
    0.28571428571429    0.14285714285714    0.42857142857143             1
    0.42857142857143    0.14285714285714    0.42857142857143             1
   -0.42857142857143    0.14285714285714    0.42857142857143             1
   -0.28571428571429    0.14285714285714    0.42857142857143             1
   -0.14285714285714    0.14285714285714    0.42857142857143             1
   -0.00000000000000    0.28571428571429    0.42857142857143             1
    0.14285714285714    0.28571428571429    0.42857142857143             1
    0.28571428571429    0.28571428571429    0.42857142857143             1
    0.42857142857143    0.28571428571429    0.42857142857143             1
   -0.42857142857143    0.28571428571429    0.42857142857143             1
   -0.28571428571429    0.28571428571429    0.42857142857143             1
   -0.14285714285714    0.28571428571429    0.42857142857143             1
   -0.00000000000000    0.42857142857143    0.42857142857143             1
    0.14285714285714    0.42857142857143    0.42857142857143             1
    0.28571428571429    0.42857142857143    0.42857142857143             1
    0.42857142857143    0.42857142857143    0.42857142857143             1
   -0.42857142857143    0.42857142857143    0.42857142857143             1
   -0.28571428571429    0.42857142857143    0.42857142857143             1
   -0.14285714285714    0.42857142857143    0.42857142857143             1
   -0.00000000000000   -0.42857142857143    0.42857142857143             1
    0.14285714285714   -0.42857142857143    0.42857142857143             1
    0.28571428571429   -0.42857142857143    0.42857142857143             1
    0.42857142857143   -0.42857142857143    0.42857142857143             1
   -0.42857142857143   -0.42857142857143    0.42857142857143             1
   -0.28571428571429   -0.42857142857143    0.42857142857143             1
   -0.14285714285714   -0.42857142857143    0.42857142857143             1
   -0.00000000000000   -0.28571428571429    0.42857142857143             1
    0.14285714285714   -0.28571428571429    0.42857142857143             1
    0.28571428571429   -0.28571428571429    0.42857142857143             1
    0.42857142857143   -0.28571428571429    0.42857142857143             1
   -0.42857142857143   -0.28571428571429    0.42857142857143             1
   -0.28571428571429   -0.28571428571429    0.42857142857143             1
   -0.14285714285714   -0.28571428571429    0.42857142857143             1
   -0.00000000000000   -0.14285714285714    0.42857142857143             1
    0.14285714285714   -0.14285714285714    0.42857142857143             1
    0.28571428571429   -0.14285714285714    0.42857142857143             1
    0.42857142857143   -0.14285714285714    0.42857142857143             1
   -0.42857142857143   -0.14285714285714    0.42857142857143             1
   -0.28571428571429   -0.14285714285714    0.42857142857143             1
   -0.14285714285714   -0.14285714285714    0.42857142857143             1
    0.00000000000000    0.00000000000000   -0.42857142857143             1
    0.14285714285714   -0.00000000000000   -0.42857142857143             1
    0.28571428571429   -0.00000000000000   -0.42857142857143             1
    0.42857142857143   -0.00000000000000   -0.42857142857143             1
   -0.42857142857143   -0.00000000000000   -0.42857142857143             1
   -0.28571428571429   -0.00000000000000   -0.42857142857143             1
   -0.14285714285714    0.00000000000000   -0.42857142857143             1
    0.00000000000000    0.14285714285714   -0.42857142857143             1
    0.14285714285714    0.14285714285714   -0.42857142857143             1
    0.28571428571429    0.14285714285714   -0.42857142857143             1
    0.42857142857143    0.14285714285714   -0.42857142857143             1
   -0.42857142857143    0.14285714285714   -0.42857142857143             1
   -0.28571428571429    0.14285714285714   -0.42857142857143             1
   -0.14285714285714    0.14285714285714   -0.42857142857143             1
    0.00000000000000    0.28571428571429   -0.42857142857143             1
    0.14285714285714    0.28571428571429   -0.42857142857143             1
    0.28571428571429    0.28571428571429   -0.42857142857143             1
    0.42857142857143    0.28571428571429   -0.42857142857143             1
   -0.42857142857143    0.28571428571429   -0.42857142857143             1
   -0.28571428571429    0.28571428571429   -0.42857142857143             1
   -0.14285714285714    0.28571428571429   -0.42857142857143             1
    0.00000000000000    0.42857142857143   -0.42857142857143             1
    0.14285714285714    0.42857142857143   -0.42857142857143             1
    0.28571428571429    0.42857142857143   -0.42857142857143             1
    0.42857142857143    0.42857142857143   -0.42857142857143             1
   -0.42857142857143    0.42857142857143   -0.42857142857143             1
   -0.28571428571429    0.42857142857143   -0.42857142857143             1
   -0.14285714285714    0.42857142857143   -0.42857142857143             1
    0.00000000000000   -0.42857142857143   -0.42857142857143             1
    0.14285714285714   -0.42857142857143   -0.42857142857143             1
    0.28571428571429   -0.42857142857143   -0.42857142857143             1
    0.42857142857143   -0.42857142857143   -0.42857142857143             1
   -0.42857142857143   -0.42857142857143   -0.42857142857143             1
   -0.28571428571429   -0.42857142857143   -0.42857142857143             1
   -0.14285714285714   -0.42857142857143   -0.42857142857143             1
    0.00000000000000   -0.28571428571429   -0.42857142857143             1
    0.14285714285714   -0.28571428571429   -0.42857142857143             1
    0.28571428571429   -0.28571428571429   -0.42857142857143             1
    0.42857142857143   -0.28571428571429   -0.42857142857143             1
   -0.42857142857143   -0.28571428571429   -0.42857142857143             1
   -0.28571428571429   -0.28571428571429   -0.42857142857143             1
   -0.14285714285714   -0.28571428571429   -0.42857142857143             1
    0.00000000000000   -0.14285714285714   -0.42857142857143             1
    0.14285714285714   -0.14285714285714   -0.42857142857143             1
    0.28571428571429   -0.14285714285714   -0.42857142857143             1
    0.42857142857143   -0.14285714285714   -0.42857142857143             1
   -0.42857142857143   -0.14285714285714   -0.42857142857143             1
   -0.28571428571429   -0.14285714285714   -0.42857142857143             1
   -0.14285714285714   -0.14285714285714   -0.42857142857143             1
    0.00000000000000   -0.00000000000000   -0.28571428571429             1
    0.14285714285714   -0.00000000000000   -0.28571428571429             1
    0.28571428571429    0.00000000000000   -0.28571428571429             1
    0.42857142857143    0.00000000000000   -0.28571428571429             1
   -0.42857142857143    0.00000000000000   -0.28571428571429             1
   -0.28571428571429    0.00000000000000   -0.28571428571429             1
   -0.14285714285714   -0.00000000000000   -0.28571428571429             1
    0.00000000000000    0.14285714285714   -0.28571428571429             1
    0.14285714285714    0.14285714285714   -0.28571428571429             1
    0.28571428571429    0.14285714285714   -0.28571428571429             1
    0.42857142857143    0.14285714285714   -0.28571428571429             1
   -0.42857142857143    0.14285714285714   -0.28571428571429             1
   -0.28571428571429    0.14285714285714   -0.28571428571429             1
   -0.14285714285714    0.14285714285714   -0.28571428571429             1
    0.00000000000000    0.28571428571429   -0.28571428571429             1
    0.14285714285714    0.28571428571429   -0.28571428571429             1
    0.28571428571429    0.28571428571429   -0.28571428571429             1
    0.42857142857143    0.28571428571429   -0.28571428571429             1
   -0.42857142857143    0.28571428571429   -0.28571428571429             1
   -0.28571428571429    0.28571428571429   -0.28571428571429             1
   -0.14285714285714    0.28571428571429   -0.28571428571429             1
   -0.00000000000000    0.42857142857143   -0.28571428571429             1
    0.14285714285714    0.42857142857143   -0.28571428571429             1
    0.28571428571429    0.42857142857143   -0.28571428571429             1
    0.42857142857143    0.42857142857143   -0.28571428571429             1
   -0.42857142857143    0.42857142857143   -0.28571428571429             1
   -0.28571428571429    0.42857142857143   -0.28571428571429             1
   -0.14285714285714    0.42857142857143   -0.28571428571429             1
    0.00000000000000   -0.42857142857143   -0.28571428571429             1
    0.14285714285714   -0.42857142857143   -0.28571428571429             1
    0.28571428571429   -0.42857142857143   -0.28571428571429             1
    0.42857142857143   -0.42857142857143   -0.28571428571429             1
   -0.42857142857143   -0.42857142857143   -0.28571428571429             1
   -0.28571428571429   -0.42857142857143   -0.28571428571429             1
   -0.14285714285714   -0.42857142857143   -0.28571428571429             1
    0.00000000000000   -0.28571428571429   -0.28571428571429             1
    0.14285714285714   -0.28571428571429   -0.28571428571429             1
    0.28571428571429   -0.28571428571429   -0.28571428571429             1
    0.42857142857143   -0.28571428571429   -0.28571428571429             1
   -0.42857142857143   -0.28571428571429   -0.28571428571429             1
   -0.28571428571429   -0.28571428571429   -0.28571428571429             1
   -0.14285714285714   -0.28571428571429   -0.28571428571429             1
    0.00000000000000   -0.14285714285714   -0.28571428571429             1
    0.14285714285714   -0.14285714285714   -0.28571428571429             1
    0.28571428571429   -0.14285714285714   -0.28571428571429             1
    0.42857142857143   -0.14285714285714   -0.28571428571429             1
   -0.42857142857143   -0.14285714285714   -0.28571428571429             1
   -0.28571428571429   -0.14285714285714   -0.28571428571429             1
   -0.14285714285714   -0.14285714285714   -0.28571428571429             1
    0.00000000000000    0.00000000000000   -0.14285714285714             1
    0.14285714285714   -0.00000000000000   -0.14285714285714             1
    0.28571428571429    0.00000000000000   -0.14285714285714             1
    0.42857142857143    0.00000000000000   -0.14285714285714             1
   -0.42857142857143   -0.00000000000000   -0.14285714285714             1
   -0.28571428571429    0.00000000000000   -0.14285714285714             1
   -0.14285714285714    0.00000000000000   -0.14285714285714             1
   -0.00000000000000    0.14285714285714   -0.14285714285714             1
    0.14285714285714    0.14285714285714   -0.14285714285714             1
    0.28571428571429    0.14285714285714   -0.14285714285714             1
    0.42857142857143    0.14285714285714   -0.14285714285714             1
   -0.42857142857143    0.14285714285714   -0.14285714285714             1
   -0.28571428571429    0.14285714285714   -0.14285714285714             1
   -0.14285714285714    0.14285714285714   -0.14285714285714             1
   -0.00000000000000    0.28571428571429   -0.14285714285714             1
    0.14285714285714    0.28571428571429   -0.14285714285714             1
    0.28571428571429    0.28571428571429   -0.14285714285714             1
    0.42857142857143    0.28571428571429   -0.14285714285714             1
   -0.42857142857143    0.28571428571429   -0.14285714285714             1
   -0.28571428571429    0.28571428571429   -0.14285714285714             1
   -0.14285714285714    0.28571428571429   -0.14285714285714             1
    0.00000000000000    0.42857142857143   -0.14285714285714             1
    0.14285714285714    0.42857142857143   -0.14285714285714             1
    0.28571428571429    0.42857142857143   -0.14285714285714             1
    0.42857142857143    0.42857142857143   -0.14285714285714             1
   -0.42857142857143    0.42857142857143   -0.14285714285714             1
   -0.28571428571429    0.42857142857143   -0.14285714285714             1
   -0.14285714285714    0.42857142857143   -0.14285714285714             1
    0.00000000000000   -0.42857142857143   -0.14285714285714             1
    0.14285714285714   -0.42857142857143   -0.14285714285714             1
    0.28571428571429   -0.42857142857143   -0.14285714285714             1
    0.42857142857143   -0.42857142857143   -0.14285714285714             1
   -0.42857142857143   -0.42857142857143   -0.14285714285714             1
   -0.28571428571429   -0.42857142857143   -0.14285714285714             1
   -0.14285714285714   -0.42857142857143   -0.14285714285714             1
    0.00000000000000   -0.28571428571429   -0.14285714285714             1
    0.14285714285714   -0.28571428571429   -0.14285714285714             1
    0.28571428571429   -0.28571428571429   -0.14285714285714             1
    0.42857142857143   -0.28571428571429   -0.14285714285714             1
   -0.42857142857143   -0.28571428571429   -0.14285714285714             1
   -0.28571428571429   -0.28571428571429   -0.14285714285714             1
   -0.14285714285714   -0.28571428571429   -0.14285714285714             1
    0.00000000000000   -0.14285714285714   -0.14285714285714             1
    0.14285714285714   -0.14285714285714   -0.14285714285714             1
    0.28571428571429   -0.14285714285714   -0.14285714285714             1
    0.42857142857143   -0.14285714285714   -0.14285714285714             1
   -0.42857142857143   -0.14285714285714   -0.14285714285714             1
   -0.28571428571429   -0.14285714285714   -0.14285714285714             1
   -0.14285714285714   -0.14285714285714   -0.14285714285714             1
